state = {
	id = 1141
	name = "STATE_1141"
	manpower = 0
	state_category = two

	history = {
		owner = ALG
		add_core_of = ALG
	}

	provinces = {
		13775 13771 13769 13788 13786 13790 13793 13780 13766 13783 13773 13764 13761 13774 13759 13758 13756 13754 13753 13752 13755 13778 13782 13779 13781 13819 13808 13802 13796 13784 13816 13811 13805 13787 13789 13772 13765 13762 13817 13799 13824 13804 13806 13809 13812 13815 13823 13828 13825 13832 13835 13834 13831 13836 13833 13797 13791 13785 13767 13770 13768  13776 13777 13794 13803 13763 13760 13757
	}
}
